 CRTM scattering particle density in units of [?]
 Density:    100.00000000000000     
 Density:    400.00000000000000     
 Density:    900.00000000000000     
